Open
238.130005
199.382996
209.876999
185.660995
208.263000
260.000000
193.733002
242.166000
246.201996
282.527008
302.707001
339.839996
375.356995
343.067993
314.007996
306.743011
301.899994
318.045013
299.479004
293.828003
300.286011
281.720001
286.562988
274.454987
274.454987
292.213989
351.000000
262.346008
290.598999
340.647003
318.851990
285.756012
313.200989
319.658997
290.598999
248.623993
253.466995
224.406998
180.817001
184.449997
195.347000
205.841003
189.697006
199.787003
221.985001
217.141998
214.317001
209.070007
221.582001
213.106003
238.533005
221.985001
242.166000
240.550995
261.135986
252.660004
230.057999
227.231995
220.774994
210.281006
224.406998
218.757004
233.287003
232.479004
230.057999
240.147995
256.291992
265.575012
284.140991
294.231995
277.683990
268.401001
275.665985
283.334015
314.411987
324.098999
321.273010
330.959991
343.876007
347.911987
365.670990
399.170013
406.838989
433.476990
452.850006
467.380005
471.415985
488.368011
495.632996
541.643982
535.994019
565.054016
600.572021
573.932983
557.789001
522.270996
499.669006
424.597992
489.981995
492.403992
520.656982
501.000000
453.000000
390.500000
452.500000
406.500000
235.000000
178.500000
171.250000
190.000000
195.250000
225.000000
272.000000
334.000000
341.000000
379.000000
366.000000
359.000000
357.500000
371.000000
384.000000
400.899994
425.000000
470.000000
459.399994
461.000000
456.700012
512.000000
554.000000
567.000000
586.000000
540.500000
562.000000
550.500000
578.000000
569.000000
600.000000
601.500000
562.500000
515.000000
390.000000
327.500000
358.700012
404.000000
406.500000
433.200012
440.000000
466.500000
485.000000
448.700012
469.899994
494.899994
514.000000
515.500000
498.399994
560.500000
554.000000
590.500000
585.000000
566.000000
528.500000
547.000000
516.000000
557.500000
547.500000
563.000000
549.000000
603.000000
600.000000
541.000000
548.000000
540.000000
538.000000
585.000000
588.000000
536.500000
517.000000
523.500000
522.500000
525.000000
478.799988
485.000000
570.000000
572.000000
607.000000
627.500000
611.000000
590.000000
498.799988
517.000000
552.000000
603.000000
612.500000
580.000000
587.500000
618.000000
635.000000
645.500000
635.000000
664.000000
629.000000
638.500000
613.000000
596.000000
609.500000
623.000000
618.000000
647.000000
681.000000
717.500000
694.500000
702.000000
719.000000
691.500000
731.000000
739.000000
745.000000
774.200012
745.000000
720.799988
705.000000
708.000000
748.599976
768.400024
