Open
94.000000
102.500000
100.000000
100.900002
110.000000
117.900002
111.000000
114.000000
118.000000
125.000000
120.000000
116.000000
124.400002
122.900002
119.900002
118.400002
114.400002
115.900002
117.000000
124.900002
139.699997
138.000000
144.899994
156.600006
166.800003
150.199997
172.899994
176.699997
174.500000
181.399994
185.100006
183.699997
195.000000
207.699997
215.800003
203.199997
205.000000
196.300003
186.000000
187.100006
194.399994
203.800003
201.300003
215.399994
214.899994
222.899994
214.800003
243.000000
239.000000
229.899994
230.500000
230.899994
226.800003
239.800003
252.000000
274.299988
275.100006
299.299988
319.000000
322.500000
331.799988
337.000000
373.899994
332.399994
376.000000
407.500000
442.500000
431.700012
422.000000
424.200012
437.600006
405.000000
423.500000
440.000000
418.899994
404.600006
394.000000
408.000000
389.100006
390.799988
421.000000
420.700012
448.000000
465.000000
463.600006
475.299988
507.000000
537.500000
536.000000
562.000000
567.500000
582.000000
528.400024
508.399994
521.000000
560.400024
613.200012
584.599976
660.000000
