Open
121.223000
129.552002
133.253006
128.626007
130.477005
123.537003
126.313004
128.164001
145.283005
136.955002
129.089005
117.522003
112.894997
121.223000
123.999001
120.761002
121.223000
123.073997
135.104004
138.804993
127.700996
126.776001
123.073997
105.955002
110.119003
114.746002
108.267998
104.567001
101.791000
105.491997
117.522003
121.223000
117.522003
111.507004
115.670998
112.894997
119.834999
121.685997
128.164001
131.865005
130.940002
127.700996
128.626007
129.089005
134.177994
131.634003
136.723007
145.514008
151.298004
154.998993
155.925003
154.768005
159.626007
155.231003
157.313004
160.783005
171.192993
178.134003
169.804993
176.977005
181.141006
188.544006
204.738007
199.880005
206.589005
211.677994
219.080994
206.356995
206.589005
208.438995
207.744995
215.147995
227.871994
227.408997
232.268005
245.684998
240.132996
239.207993
237.820007
223.477005
208.901993
209.826996
208.901993
196.641006
210.983994
189.932007
184.841995
167.029007
172.580994
161.014008
153.380005
150.835007
127.700996
125.849998
131.634003
117.522003
81.432503
64.081802
48.119202
53.902699
33.776001
42.567001
58.066898
82.589203
84.671303
105.955002
125.387001
121.455002
112.894997
99.708504
109.194000
122.149002
115.670998
125.480003
136.029007
115.208000
108.731003
126.220001
121.316002
120.483002
132.789993
132.328003
133.253006
134.641006
117.891998
117.400002
121.500000
107.500000
97.349998
103.500000
77.000000
76.099998
70.000000
77.500000
73.000000
83.400002
99.400002
95.000000
92.300003
80.500000
82.000000
90.000000
102.300003
104.099998
90.750000
97.599998
95.650002
105.000000
107.099998
104.000000
108.300003
113.000000
99.199997
106.900002
114.699997
118.300003
128.600006
124.500000
124.400002
125.000000
141.000000
151.600006
154.500000
155.000000
154.500000
161.000000
159.399994
159.399994
162.800003
170.500000
167.399994
171.500000
176.800003
183.199997
189.000000
199.100006
198.199997
212.800003
209.500000
205.000000
188.699997
190.000000
185.199997
185.000000
188.800003
184.100006
186.100006
192.300003
178.000000
182.300003
195.000000
193.300003
209.399994
204.600006
213.800003
229.500000
235.000000
237.800003
248.000000
248.000000
251.000000
255.199997
243.199997
251.500000
244.100006
233.699997
241.600006
245.199997
244.600006
225.399994
215.399994
213.100006
198.800003
186.000000
