Open
165.000000
165.000000
135.000000
182.000000
147.000000
178.000000
175.000000
127.000000
128.000000
185.000000
138.000000
121.000000
117.000000
117.000000
117.000000
120.000000
120.000000
109.000000
93.500000
96.500000
116.000000
73.000000
74.500000
113.000000
71.000000
75.000000
75.500000
68.000000
97.000000
77.000000
93.000000
87.000000
68.000000
85.000000
76.000000
59.500000
57.500000
57.500000
58.000000
45.000000
57.000000
57.000000
54.000000
56.000000
61.000000
65.000000
53.000000
67.500000
68.000000
68.000000
65.000000
72.500000
68.500000
82.000000
86.000000
67.000000
70.000000
74.500000
80.500000
90.000000
107.500000
107.500000
109.000000
107.000000
102.000000
113.000000
126.500000
122.500000
160.500000
103.000000
163.000000
175.500000
186.000000
184.500000
199.000000
188.000000
271.000000
232.500000
175.500000
229.500000
254.000000
187.000000
308.000000
326.000000
359.000000
376.000000
367.000000
364.000000
415.000000
450.000000
434.500000
480.000000
351.000000
559.000000
562.000000
357.000000
522.000000
449.000000
518.000000
467.500000
506.000000
576.000000
522.000000
466.500000
405.000000
273.000000
442.500000
184.000000
181.000000
158.000000
135.750000
140.000000
180.000000
194.000000
189.750000
228.000000
282.500000
269.000000
267.000000
334.000000
367.000000
342.000000
352.000000
382.399994
421.000000
378.299988
392.000000
410.000000
348.399994
399.399994
400.399994
474.000000
533.000000
471.799988
475.100006
450.000000
448.000000
429.500000
440.899994
416.500000
317.899994
274.100006
328.299988
351.100006
339.000000
420.000000
445.399994
385.899994
397.000000
316.200012
320.000000
362.200012
334.200012
333.100006
339.700012
329.500000
327.200012
341.100006
389.000000
352.100006
331.600006
288.000000
260.899994
266.700012
311.000000
296.600006
275.000000
287.000000
296.100006
295.899994
280.000000
283.000000
286.600006
318.600006
305.100006
285.200012
304.000000
282.200012
268.000000
251.899994
272.299988
280.000000
304.200012
312.600006
284.899994
335.299988
324.600006
302.200012
250.800003
226.000000
256.000000
258.500000
240.000000
244.000000
254.500000
278.000000
252.100006
241.000000
238.500000
268.600006
245.699997
249.800003
247.000000
289.000000
293.000000
323.000000
344.000000
373.000000
410.700012
402.899994
412.500000
388.000000
394.899994
415.000000
438.000000
344.399994
361.299988
354.600006
415.000000
388.700012
382.200012
425.399994
378.299988
419.799988
