Open
175.000000
181.500000
187.000000
189.800003
193.000000
179.500000
177.500000
159.800003
166.500000
167.800003
178.100006
195.000000
209.699997
219.500000
224.899994
232.500000
221.399994
234.000000
230.000000
223.699997
241.000000
246.699997
248.699997
240.199997
240.500000
261.500000
246.899994
269.500000
253.100006
257.899994
270.600006
275.700012
266.700012
240.000000
238.100006
246.000000
273.500000
265.000000
282.000000
270.000000
258.500000
258.000000
242.500000
253.199997
271.100006
230.600006
240.300003
234.500000
222.000000
223.600006
215.899994
218.399994
217.000000
238.199997
