Open
183.541000
174.712006
185.863998
192.834000
190.511002
190.975006
200.035995
206.774002
214.673004
252.774994
268.572998
285.300995
290.411987
290.411987
274.148987
286.230011
287.623993
302.028992
314.575012
332.696014
355.928986
314.109985
304.351990
312.251007
315.968994
323.403015
343.847992
372.657013
413.546997
406.576996
417.265015
407.506989
394.032013
371.727997
399.606995
380.556000
371.727997
394.032013
373.122009
371.727997
297.381989
313.181000
295.523987
309.463013
298.312012
262.067993
277.867004
262.067993
246.270004
163.095993
126.387001
113.842003
121.740997
92.931999
120.811996
136.145004
135.216003
140.792007
177.500000
205.843994
194.692001
174.712006
162.500000
202.500000
196.699997
189.000000
195.300003
226.000000
191.100006
178.500000
199.399994
195.000000
214.500000
243.000000
234.100006
245.500000
242.100006
233.000000
233.100006
245.600006
240.600006
206.000000
215.000000
163.000000
161.000000
153.000000
159.300003
141.000000
169.699997
186.500000
176.500000
176.000000
156.500000
159.000000
160.000000
169.000000
171.100006
174.500000
164.699997
157.100006
178.899994
189.100006
198.000000
225.600006
228.000000
214.000000
246.000000
261.299988
273.000000
312.000000
296.500000
292.500000
282.200012
320.500000
298.000000
296.600006
305.000000
309.799988
318.000000
309.500000
317.899994
320.000000
306.799988
312.799988
297.299988
288.700012
292.000000
326.600006
328.000000
338.600006
354.799988
368.500000
370.899994
330.000000
322.200012
312.100006
304.000000
298.399994
293.899994
268.500000
268.000000
254.199997
279.299988
320.799988
309.700012
308.399994
306.399994
334.700012
354.799988
363.000000
353.200012
365.100006
354.000000
376.600006
393.299988
375.899994
362.100006
360.899994
339.700012
353.200012
348.399994
361.200012
357.799988
370.899994
347.200012
348.100006
361.899994
