Open
7800.000000
6666.669922
7333.330078
7466.669922
7266.669922
7400.000000
7266.669922
7333.330078
8400.000000
7533.330078
7000.000000
6466.669922
5520.000000
6473.330078
6566.669922
5600.000000
5733.330078
5600.000000
5073.330078
5366.669922
4933.330078
3866.669922
4733.330078
4533.330078
4600.000000
5066.669922
5200.000000
5000.000000
4700.000000
4400.000000
4533.330078
4200.000000
4300.000000
3513.330078
3600.000000
3300.000000
4466.669922
4533.330078
4366.669922
4933.330078
5666.669922
6266.669922
6900.000000
6900.000000
8600.000000
8620.000000
9800.000000
8480.000000
8120.000000
9180.000000
9780.000000
8560.000000
7620.000000
7700.000000
8260.000000
8320.000000
8100.000000
9060.000000
8580.000000
9060.000000
9000.000000
9340.000000
10340.000000
10460.000000
10120.000000
10720.000000
11600.000000
11960.000000
12880.000000
12400.000000
11040.000000
11700.000000
12660.000000
12080.000000
11260.000000
10520.000000
10140.000000
9360.000000
8960.000000
8720.000000
9520.000000
9940.000000
10380.000000
10220.000000
10220.000000
11180.000000
11240.000000
11300.000000
12160.000000
13280.000000
13040.000000
14020.000000
14120.000000
14140.000000
14100.000000
12020.000000
10820.000000
9980.000000
10060.000000
10420.000000
10020.000000
11800.000000
11500.000000
11020.000000
11340.000000
9180.000000
6860.000000
5980.000000
5680.000000
5700.000000
5440.000000
4880.000000
6400.000000
6440.000000
6260.000000
6320.000000
7260.000000
6820.000000
6700.000000
7000.000000
7060.000000
8294.000000
8150.000000
8028.000000
9110.000000
9000.000000
9200.000000
9516.000000
8740.000000
9080.000000
9168.000000
9052.000000
9830.000000
10260.000000
10420.000000
9776.000000
9904.000000
9600.000000
8680.000000
7948.000000
7000.000000
6260.000000
6600.000000
7140.000000
7200.000000
8032.000000
8496.000000
8384.000000
8392.000000
7180.000000
7296.000000
7900.000000
7396.000000
7840.000000
7636.000000
7704.000000
8008.000000
8352.000000
8712.000000
8696.000000
7776.000000
7900.000000
7804.000000
8328.000000
9200.000000
9592.000000
10000.000000
10470.000000
11180.000000
11930.000000
12450.000000
12360.000000
12290.000000
13700.000000
12820.000000
12490.000000
13760.000000
13560.000000
13400.000000
12040.000000
11950.000000
13000.000000
14820.000000
14210.000000
12840.000000
12770.000000
11770.000000
11290.000000
11300.000000
10070.000000
9720.000000
10590.000000
8875.000000
8875.000000
8865.000000
8300.000000
8880.000000
8360.000000
8400.000000
8695.000000
9570.000000
9300.000000
9960.000000
9020.000000
10670.000000
11010.000000
10910.000000
11250.000000
11270.000000
12050.000000
12420.000000
13100.000000
12260.000000
11600.000000
11840.000000
10770.000000
10360.000000
10370.000000
9580.000000
8855.000000
9490.000000
8950.000000
7550.000000
8510.000000
