Open
34.000000
31.600000
31.400000
34.400002
35.882000
34.000000
33.799999
38.400002
36.700001
36.400002
37.200001
36.599998
33.299999
32.400002
33.700001
32.500000
34.799999
33.200001
34.700001
35.200001
34.000000
30.600000
31.400000
28.400000
27.400000
29.400000
29.600000
25.600000
29.000000
30.799999
32.799999
35.799999
36.099998
35.700001
40.799999
40.000000
42.000000
43.400002
43.099998
47.400002
49.400002
49.799999
51.200001
53.400002
55.099998
56.000000
51.500000
54.099998
51.799999
52.900002
55.599998
54.799999
55.200001
56.599998
56.200001
58.500000
61.000000
62.799999
62.599998
64.000000
65.199997
63.799999
69.000000
68.900002
75.000000
83.500000
92.400002
84.300003
78.599998
78.000000
80.599998
89.599998
93.900002
94.599998
97.199997
99.599998
97.599998
100.400002
114.800003
119.199997
128.000000
127.199997
130.600006
131.000000
113.000000
111.400002
116.400002
78.400002
84.400002
88.000000
87.400002
101.400002
85.300003
90.400002
102.000000
95.000000
83.900002
81.099998
83.599998
92.599998
87.000000
80.199997
77.000000
83.400002
87.199997
97.300003
88.800003
95.400002
92.400002
99.000000
108.000000
110.300003
112.400002
122.000000
133.699997
129.500000
129.300003
146.100006
139.300003
139.399994
142.800003
150.000000
155.500000
151.199997
151.800003
161.199997
173.000000
174.399994
168.399994
171.899994
152.500000
157.000000
158.800003
177.899994
174.000000
160.000000
164.399994
163.000000
147.000000
162.899994
151.300003
149.800003
164.100006
158.500000
159.100006
156.699997
159.199997
180.000000
198.000000
197.199997
196.000000
197.300003
183.800003
193.000000
207.000000
210.699997
214.800003
212.699997
228.899994
239.000000
245.000000
238.800003
258.399994
270.299988
273.100006
276.000000
263.000000
255.500000
276.000000
260.500000
259.799988
304.600006
324.899994
317.399994
307.799988
328.899994
319.399994
356.000000
287.500000
294.000000
314.200012
339.600006
330.600006
286.000000
296.799988
292.000000
311.600006
318.200012
322.200012
328.500000
290.000000
293.700012
257.899994
238.800003
244.000000
272.000000
271.500000
277.000000
295.000000
299.799988
284.899994
291.399994
318.000000
324.600006
353.799988
338.600006
354.500000
333.200012
314.299988
312.399994
291.299988
325.799988
321.200012
335.500000
